DC 8 -176 [0, 1, 0, 0, 1, 1, 1, 1]
AC 3 5 [1, 0, 0] [1, 0, 1]
AC 3 -4 [1, 0, 0] [0, 1, 1]
AC 3 7 [1, 0, 0] [1, 1, 1]
AC 3 -5 [1, 0, 0] [0, 1, 0]
AC 2 -2 [0, 1] [0, 1]
AC 2 3 [0, 1] [1, 1]
AC 1 -1 [0, 0] [0]
AC 2 3 [0, 1] [1, 1]
AC 2 -2 [0, 1] [0, 1]
AC 1 1 [0, 0] [1]
AC 1 -1 [0, 0] [0]
AC 2 -2 [0, 1] [0, 1]
AC 1 1 [0, 0] [1]
[5, -4, 7, -5, -2, 3, -1, 3, -2, 1, -1, 0, -2, 0, 0, 0, 1, 0, 0, 0, 0, 0, 0, 0, 0, 0, 0, 0, 0, 0, 0, 0, 0, 0, 0, 0, 0, 0, 0, 0, 0, 0, 0, 0, 0, 0, 0, 0, 0, 0, 0, 0, 0, 0, 0, 0, 0, 0, 0, 0, 0, 0, 0]

DC 5 28 [1, 1, 1, 0, 0]
AC 5 -26 [1, 1, 0, 1, 0] [0, 0, 1, 0, 1]
AC 5 -28 [1, 1, 0, 1, 0] [0, 0, 0, 1, 1]
AC 1 -1 [0, 0] [0]
AC 5 24 [1, 1, 0, 1, 0] [1, 1, 0, 0, 0]
AC 4 11 [1, 0, 1, 1] [1, 0, 1, 1]
AC 3 -6 [1, 0, 0] [0, 0, 1]
AC 3 -6 [1, 0, 0] [0, 0, 1]
AC 3 4 [1, 0, 0] [1, 0, 0]
AC 3 5 [1, 0, 0] [1, 0, 1]
AC 1 -1 [0, 0] [0]
AC 2 -2 [0, 1] [0, 1]
AC 3 -4 [1, 0, 0] [0, 1, 1]
AC 2 3 [0, 1] [1, 1]
AC 1 1 [0, 0] [1]
AC 1 -1 [0, 0] [0]
AC 1 -1 [0, 0] [0]
AC 1 1 [0, 0] [1]
AC 1 1 [0, 0] [1]
AC 1 1 [0, 0] [1]
AC 1 1 [0, 0] [1]
AC 1 -1 [0, 0] [0]
AC 1 -1 [0, 0] [0]
AC 1 1 [0, 0] [1]
AC 1 -1 [0, 0] [0]
AC 1 -1 [0, 0] [0]
AC 1 1 [0, 0] [1]
AC 1 1 [0, 0] [1]
AC 1 -1 [0, 0] [0]
[-26, -28, -1, 24, 11, -6, -6, 4, 5, -1, -2, -4, 3, 1, 0, -1, -1, 1, 0, 1, 0, 0, 0, 0, 1, 0, 1, -1, 0, 0, -1, 0, 0, 0, 0, 0, 0, 0, 1, 0, 0, 0, 0, 0, -1, -1, 0, 0, 0, 0, 1, 0, 1, -1, 0, 0, 0, 0, 0, 0, 0, 0, 0]

DC 7 76 [1, 0, 0, 1, 1, 0, 0]
AC 4 13 [1, 0, 1, 1] [1, 1, 0, 1]
AC 5 -31 [1, 1, 0, 1, 0] [0, 0, 0, 0, 0]
AC 3 7 [1, 0, 0] [1, 1, 1]
AC 3 5 [1, 0, 0] [1, 0, 1]
AC 2 2 [0, 1] [1, 0]
AC 4 11 [1, 0, 1, 1] [1, 0, 1, 1]
AC 4 -14 [1, 0, 1, 1] [0, 0, 0, 1]
AC 3 -4 [1, 0, 0] [0, 1, 1]
AC 1 -1 [0, 0] [0]
AC 2 2 [0, 1] [1, 0]
AC 2 -2 [0, 1] [0, 1]
AC 2 2 [0, 1] [1, 0]
AC 1 -1 [0, 0] [0]
AC 1 -1 [0, 0] [0]
AC 2 3 [0, 1] [1, 1]
AC 2 -2 [0, 1] [0, 1]
AC 1 -1 [0, 0] [0]
AC 1 1 [0, 0] [1]
AC 1 -1 [0, 0] [0]
AC 1 1 [0, 0] [1]
AC 1 -1 [0, 0] [0]
AC 1 1 [0, 0] [1]
[13, -31, 7, 5, 0, 2, 11, -14, -4, -1, 2, -2, 2, -1, 0, -1, 3, -2, 0, 0, 0, 0, -1, 1, 0, 0, 0, 0, 0, -1, 1, -1, 1, 0, 0, 0, 0, 0, 0, 0, 0, 0, 0, 0, 0, 0, 0, 0, 0, 0, 0, 0, 0, 0, 0, 0, 0, 0, 0, 0, 0, 0, 0]

DC 6 54 [1, 1, 0, 1, 1, 0]
AC 6 -48 [1, 1, 1, 1, 0, 0, 0] [0, 0, 1, 1, 1, 1]
AC 7 -71 [1, 1, 1, 1, 1, 0, 0, 0] [0, 1, 1, 1, 0, 0, 0]
AC 4 10 [1, 0, 1, 1] [1, 0, 1, 0]
AC 4 12 [1, 0, 1, 1] [1, 1, 0, 0]
AC 4 15 [1, 0, 1, 1] [1, 1, 1, 1]
AC 3 -7 [1, 0, 0] [0, 0, 0]
AC 4 12 [1, 0, 1, 1] [1, 1, 0, 0]
AC 4 15 [1, 0, 1, 1] [1, 1, 1, 1]
AC 2 -3 [0, 1] [0, 0]
AC 1 -1 [0, 0] [0]
AC 3 -5 [1, 0, 0] [0, 1, 0]
AC 5 -16 [1, 1, 0, 1, 0] [0, 1, 1, 1, 1]
AC 3 -4 [1, 0, 0] [0, 1, 1]
AC 2 2 [0, 1] [1, 0]
AC 2 2 [0, 1] [1, 0]
AC 1 -1 [0, 0] [0]
AC 2 -3 [0, 1] [0, 0]
AC 1 1 [0, 0] [1]
AC 1 1 [0, 0] [1]
AC 2 2 [0, 1] [1, 0]
AC 1 -1 [0, 0] [0]
AC 1 1 [0, 0] [1]
AC 1 -1 [0, 0] [0]
[-48, -71, 10, 12, 15, -7, 12, 15, -3, -1, -5, -16, -4, 2, 0, 2, -1, -3, 0, 0, 0, 0, 1, 1, 2, 0, 0, -1, 0, 0, 0, 1, 0, 0, 0, 0, 0, 0, 0, 0, 0, 0, -1, 0, 0, 0, 0, 0, 0, 0, 0, 0, 0, 0, 0, 0, 0, 0, 0, 0, 0, 0, 0]