block [[52 59 64 56 54 57 53 50]
 [51 54 52 51 52 52 49 50]
 [53 52 52 58 51 47 50 51]
 [53 51 53 55 51 53 45 43]
 [48 47 55 47 51 48 46 44]
 [53 53 47 43 54 49 50 40]
 [77 67 43 47 62 60 45 39]
 [90 81 50 60 80 79 48 37]]
block [[ 55  49  50  53  51  53  53  50]
 [ 47  49  48  46  50  59  48  56]
 [ 46  47  46  47  44  51  55  63]
 [ 42  46  45  47  48  79  66  98]
 [ 45  47  44  50  56  70  90 138]
 [ 46  47  75  62  69  94 128 162]
 [ 35  40  87  87  65  86 121 174]
 [ 35  38  55  90  65  50  72 163]]
block [[103  90  50  57  94  93  76  47]
 [115 107  71  52  92  98  90  72]
 [117 121  99  67  58  84  98  84]
 [108 127 115  88  59  60  79  86]
 [105 114 125 113  89  62  57  54]
 [113 112 117 120 113  95  82  63]
 [115 119 119 124 132 120 108 101]
 [ 94 110 119 130 139 141 131 132]]
block [[ 40  42  68 112  77  56  66 157]
 [ 66  66  90 108  74  53  87 177]
 [ 84  91  83  72  57  66 126 197]
 [ 90  80  76  55  65 113 173 207]
 [ 60  57  64  77 107 160 198 208]
 [ 65  75  88 127 158 188 202 203]
 [102 116 137 163 186 197 198 202]
 [138 146 157 182 187 193 197 199]]